1
0.983685
0.936321
0.862393
0.768596
0.662832
0.553122
0.446633
0.348974
0.446633
0.553122
0.662832
0.768596
0.862393
0.936321
0.983685
0.983685
0.967637
0.921045
0.848323
0.756057
0.652018
0.544098
0.439346
0.343281
0.439346
0.544098
0.652018
0.756057
0.848323
0.921045
0.967637
0.936321
0.921045
0.876696
0.807476
0.719653
0.620623
0.5179
0.418192
0.326752
0.418192
0.5179
0.620623
0.719653
0.807476
0.876696
0.921045
0.862393
0.848323
0.807476
0.743722
0.662832
0.571622
0.477009
0.385173
0.300953
0.385173
0.477009
0.571622
0.662832
0.743722
0.807476
0.848323
0.768596
0.756057
0.719653
0.662832
0.59074
0.50945
0.425128
0.343281
0.26822
0.343281
0.425128
0.50945
0.59074
0.662832
0.719653
0.756057
0.662832
0.652018
0.620623
0.571622
0.50945
0.439346
0.366627
0.296043
0.231311
0.296043
0.366627
0.439346
0.50945
0.571622
0.620623
0.652018
0.553122
0.544098
0.5179
0.477009
0.425128
0.366627
0.305944
0.247043
0.193025
0.247043
0.305944
0.366627
0.425128
0.477009
0.5179
0.544098
0.446633
0.439346
0.418192
0.385173
0.343281
0.296043
0.247043
0.199481
0.155863
0.199481
0.247043
0.296043
0.343281
0.385173
0.418192
0.439346
0.348974
0.343281
0.326752
0.300953
0.26822
0.231311
0.193025
0.155863
0.121783
0.155863
0.193025
0.231311
0.26822
0.300953
0.326752
0.343281
0.446633
0.439346
0.418192
0.385173
0.343281
0.296043
0.247043
0.199481
0.155863
0.199481
0.247043
0.296043
0.343281
0.385173
0.418192
0.439346
0.553122
0.544098
0.5179
0.477009
0.425128
0.366627
0.305944
0.247043
0.193025
0.247043
0.305944
0.366627
0.425128
0.477009
0.5179
0.544098
0.662832
0.652018
0.620623
0.571622
0.50945
0.439346
0.366627
0.296043
0.231311
0.296043
0.366627
0.439346
0.50945
0.571622
0.620623
0.652018
0.768596
0.756057
0.719653
0.662832
0.59074
0.50945
0.425128
0.343281
0.26822
0.343281
0.425128
0.50945
0.59074
0.662832
0.719653
0.756057
0.862393
0.848323
0.807476
0.743722
0.662832
0.571622
0.477009
0.385173
0.300953
0.385173
0.477009
0.571622
0.662832
0.743722
0.807476
0.848323
0.936321
0.921045
0.876696
0.807476
0.719653
0.620623
0.5179
0.418192
0.326752
0.418192
0.5179
0.620623
0.719653
0.807476
0.876696
0.921045
0.983685
0.967637
0.921045
0.848323
0.756057
0.652018
0.544098
0.439346
0.343281
0.439346
0.544098
0.652018
0.756057
0.848323
0.921045
0.967637
0.983685
0.967637
0.921045
0.848323
0.756057
0.652018
0.544098
0.439346
0.343281
0.439346
0.544098
0.652018
0.756057
0.848323
0.921045
0.967637
0.967637
0.95185
0.906018
0.834483
0.743722
0.641381
0.535221
0.432179
0.33768
0.432179
0.535221
0.641381
0.743722
0.834483
0.906018
0.95185
0.921045
0.906018
0.862393
0.794303
0.707912
0.610498
0.50945
0.411369
0.321421
0.411369
0.50945
0.610498
0.707912
0.794303
0.862393
0.906018
0.848323
0.834483
0.794303
0.731588
0.652018
0.562296
0.469227
0.378889
0.296043
0.378889
0.469227
0.562296
0.652018
0.731588
0.794303
0.834483
0.756057
0.743722
0.707912
0.652018
0.581102
0.501139
0.418192
0.33768
0.263844
0.33768
0.418192
0.501139
0.581102
0.652018
0.707912
0.743722
0.652018
0.641381
0.610498
0.562296
0.501139
0.432179
0.360646
0.291213
0.227537
0.291213
0.360646
0.432179
0.501139
0.562296
0.610498
0.641381
0.544098
0.535221
0.50945
0.469227
0.418192
0.360646
0.300953
0.243012
0.189876
0.243012
0.300953
0.360646
0.418192
0.469227
0.50945
0.535221
0.439346
0.432179
0.411369
0.378889
0.33768
0.291213
0.243012
0.196227
0.15332
0.196227
0.243012
0.291213
0.33768
0.378889
0.411369
0.432179
0.343281
0.33768
0.321421
0.296043
0.263844
0.227537
0.189876
0.15332
0.119796
0.15332
0.189876
0.227537
0.263844
0.296043
0.321421
0.33768
0.439346
0.432179
0.411369
0.378889
0.33768
0.291213
0.243012
0.196227
0.15332
0.196227
0.243012
0.291213
0.33768
0.378889
0.411369
0.432179
0.544098
0.535221
0.50945
0.469227
0.418192
0.360646
0.300953
0.243012
0.189876
0.243012
0.300953
0.360646
0.418192
0.469227
0.50945
0.535221
0.652018
0.641381
0.610498
0.562296
0.501139
0.432179
0.360646
0.291213
0.227537
0.291213
0.360646
0.432179
0.501139
0.562296
0.610498
0.641381
0.756057
0.743722
0.707912
0.652018
0.581102
0.501139
0.418192
0.33768
0.263844
0.33768
0.418192
0.501139
0.581102
0.652018
0.707912
0.743722
0.848323
0.834483
0.794303
0.731588
0.652018
0.562296
0.469227
0.378889
0.296043
0.378889
0.469227
0.562296
0.652018
0.731588
0.794303
0.834483
0.921045
0.906018
0.862393
0.794303
0.707912
0.610498
0.50945
0.411369
0.321421
0.411369
0.50945
0.610498
0.707912
0.794303
0.862393
0.906018
0.967637
0.95185
0.906018
0.834483
0.743722
0.641381
0.535221
0.432179
0.33768
0.432179
0.535221
0.641381
0.743722
0.834483
0.906018
0.95185
0.936321
0.921045
0.876696
0.807476
0.719653
0.620623
0.5179
0.418192
0.326752
0.418192
0.5179
0.620623
0.719653
0.807476
0.876696
0.921045
0.921045
0.906018
0.862393
0.794303
0.707912
0.610498
0.50945
0.411369
0.321421
0.411369
0.50945
0.610498
0.707912
0.794303
0.862393
0.906018
0.876696
0.862393
0.820869
0.756057
0.673825
0.581102
0.48492
0.391562
0.305944
0.391562
0.48492
0.581102
0.673825
0.756057
0.820869
0.862393
0.807476
0.794303
0.756057
0.696362
0.620623
0.535221
0.446633
0.360646
0.281788
0.360646
0.446633
0.535221
0.620623
0.696362
0.756057
0.794303
0.719653
0.707912
0.673825
0.620623
0.553122
0.477009
0.398056
0.321421
0.25114
0.321421
0.398056
0.477009
0.553122
0.620623
0.673825
0.707912
0.620623
0.610498
0.581102
0.535221
0.477009
0.411369
0.343281
0.277191
0.216581
0.277191
0.343281
0.411369
0.477009
0.535221
0.581102
0.610498
0.5179
0.50945
0.48492
0.446633
0.398056
0.343281
0.286462
0.231311
0.180734
0.231311
0.286462
0.343281
0.398056
0.446633
0.48492
0.50945
0.418192
0.411369
0.391562
0.360646
0.321421
0.277191
0.231311
0.186778
0.145938
0.186778
0.231311
0.277191
0.321421
0.360646
0.391562
0.411369
0.326752
0.321421
0.305944
0.281788
0.25114
0.216581
0.180734
0.145938
0.114028
0.145938
0.180734
0.216581
0.25114
0.281788
0.305944
0.321421
0.418192
0.411369
0.391562
0.360646
0.321421
0.277191
0.231311
0.186778
0.145938
0.186778
0.231311
0.277191
0.321421
0.360646
0.391562
0.411369
0.5179
0.50945
0.48492
0.446633
0.398056
0.343281
0.286462
0.231311
0.180734
0.231311
0.286462
0.343281
0.398056
0.446633
0.48492
0.50945
0.620623
0.610498
0.581102
0.535221
0.477009
0.411369
0.343281
0.277191
0.216581
0.277191
0.343281
0.411369
0.477009
0.535221
0.581102
0.610498
0.719653
0.707912
0.673825
0.620623
0.553122
0.477009
0.398056
0.321421
0.25114
0.321421
0.398056
0.477009
0.553122
0.620623
0.673825
0.707912
0.807476
0.794303
0.756057
0.696362
0.620623
0.535221
0.446633
0.360646
0.281788
0.360646
0.446633
0.535221
0.620623
0.696362
0.756057
0.794303
0.876696
0.862393
0.820869
0.756057
0.673825
0.581102
0.48492
0.391562
0.305944
0.391562
0.48492
0.581102
0.673825
0.756057
0.820869
0.862393
0.921045
0.906018
0.862393
0.794303
0.707912
0.610498
0.50945
0.411369
0.321421
0.411369
0.50945
0.610498
0.707912
0.794303
0.862393
0.906018
0.862393
0.848323
0.807476
0.743722
0.662832
0.571622
0.477009
0.385173
0.300953
0.385173
0.477009
0.571622
0.662832
0.743722
0.807476
0.848323
0.848323
0.834483
0.794303
0.731588
0.652018
0.562296
0.469227
0.378889
0.296043
0.378889
0.469227
0.562296
0.652018
0.731588
0.794303
0.834483
0.807476
0.794303
0.756057
0.696362
0.620623
0.535221
0.446633
0.360646
0.281788
0.360646
0.446633
0.535221
0.620623
0.696362
0.756057
0.794303
0.743722
0.731588
0.696362
0.641381
0.571622
0.492963
0.411369
0.332171
0.25954
0.332171
0.411369
0.492963
0.571622
0.641381
0.696362
0.731588
0.662832
0.652018
0.620623
0.571622
0.50945
0.439346
0.366627
0.296043
0.231311
0.296043
0.366627
0.439346
0.50945
0.571622
0.620623
0.652018
0.571622
0.562296
0.535221
0.492963
0.439346
0.378889
0.316177
0.255305
0.199481
0.255305
0.316177
0.378889
0.439346
0.492963
0.535221
0.562296
0.477009
0.469227
0.446633
0.411369
0.366627
0.316177
0.263844
0.213048
0.166464
0.213048
0.263844
0.316177
0.366627
0.411369
0.446633
0.469227
0.385173
0.378889
0.360646
0.332171
0.296043
0.255305
0.213048
0.172031
0.134415
0.172031
0.213048
0.255305
0.296043
0.332171
0.360646
0.378889
0.300953
0.296043
0.281788
0.25954
0.231311
0.199481
0.166464
0.134415
0.105025
0.134415
0.166464
0.199481
0.231311
0.25954
0.281788
0.296043
0.385173
0.378889
0.360646
0.332171
0.296043
0.255305
0.213048
0.172031
0.134415
0.172031
0.213048
0.255305
0.296043
0.332171
0.360646
0.378889
0.477009
0.469227
0.446633
0.411369
0.366627
0.316177
0.263844
0.213048
0.166464
0.213048
0.263844
0.316177
0.366627
0.411369
0.446633
0.469227
0.571622
0.562296
0.535221
0.492963
0.439346
0.378889
0.316177
0.255305
0.199481
0.255305
0.316177
0.378889
0.439346
0.492963
0.535221
0.562296
0.662832
0.652018
0.620623
0.571622
0.50945
0.439346
0.366627
0.296043
0.231311
0.296043
0.366627
0.439346
0.50945
0.571622
0.620623
0.652018
0.743722
0.731588
0.696362
0.641381
0.571622
0.492963
0.411369
0.332171
0.25954
0.332171
0.411369
0.492963
0.571622
0.641381
0.696362
0.731588
0.807476
0.794303
0.756057
0.696362
0.620623
0.535221
0.446633
0.360646
0.281788
0.360646
0.446633
0.535221
0.620623
0.696362
0.756057
0.794303
0.848323
0.834483
0.794303
0.731588
0.652018
0.562296
0.469227
0.378889
0.296043
0.378889
0.469227
0.562296
0.652018
0.731588
0.794303
0.834483
0.768596
0.756057
0.719653
0.662832
0.59074
0.50945
0.425128
0.343281
0.26822
0.343281
0.425128
0.50945
0.59074
0.662832
0.719653
0.756057
0.756057
0.743722
0.707912
0.652018
0.581102
0.501139
0.418192
0.33768
0.263844
0.33768
0.418192
0.501139
0.581102
0.652018
0.707912
0.743722
0.719653
0.707912
0.673825
0.620623
0.553122
0.477009
0.398056
0.321421
0.25114
0.321421
0.398056
0.477009
0.553122
0.620623
0.673825
0.707912
0.662832
0.652018
0.620623
0.571622
0.50945
0.439346
0.366627
0.296043
0.231311
0.296043
0.366627
0.439346
0.50945
0.571622
0.620623
0.652018
0.59074
0.581102
0.553122
0.50945
0.454041
0.391562
0.326752
0.263844
0.206153
0.263844
0.326752
0.391562
0.454041
0.50945
0.553122
0.581102
0.50945
0.501139
0.477009
0.439346
0.391562
0.33768
0.281788
0.227537
0.177785
0.227537
0.281788
0.33768
0.391562
0.439346
0.477009
0.501139
0.425128
0.418192
0.398056
0.366627
0.326752
0.281788
0.235148
0.189876
0.148359
0.189876
0.235148
0.281788
0.326752
0.366627
0.398056
0.418192
0.343281
0.33768
0.321421
0.296043
0.263844
0.227537
0.189876
0.15332
0.119796
0.15332
0.189876
0.227537
0.263844
0.296043
0.321421
0.33768
0.26822
0.263844
0.25114
0.231311
0.206153
0.177785
0.148359
0.119796
0.0936019
0.119796
0.148359
0.177785
0.206153
0.231311
0.25114
0.263844
0.343281
0.33768
0.321421
0.296043
0.263844
0.227537
0.189876
0.15332
0.119796
0.15332
0.189876
0.227537
0.263844
0.296043
0.321421
0.33768
0.425128
0.418192
0.398056
0.366627
0.326752
0.281788
0.235148
0.189876
0.148359
0.189876
0.235148
0.281788
0.326752
0.366627
0.398056
0.418192
0.50945
0.501139
0.477009
0.439346
0.391562
0.33768
0.281788
0.227537
0.177785
0.227537
0.281788
0.33768
0.391562
0.439346
0.477009
0.501139
0.59074
0.581102
0.553122
0.50945
0.454041
0.391562
0.326752
0.263844
0.206153
0.263844
0.326752
0.391562
0.454041
0.50945
0.553122
0.581102
0.662832
0.652018
0.620623
0.571622
0.50945
0.439346
0.366627
0.296043
0.231311
0.296043
0.366627
0.439346
0.50945
0.571622
0.620623
0.652018
0.719653
0.707912
0.673825
0.620623
0.553122
0.477009
0.398056
0.321421
0.25114
0.321421
0.398056
0.477009
0.553122
0.620623
0.673825
0.707912
0.756057
0.743722
0.707912
0.652018
0.581102
0.501139
0.418192
0.33768
0.263844
0.33768
0.418192
0.501139
0.581102
0.652018
0.707912
0.743722
0.662832
0.652018
0.620623
0.571622
0.50945
0.439346
0.366627
0.296043
0.231311
0.296043
0.366627
0.439346
0.50945
0.571622
0.620623
0.652018
0.652018
0.641381
0.610498
0.562296
0.501139
0.432179
0.360646
0.291213
0.227537
0.291213
0.360646
0.432179
0.501139
0.562296
0.610498
0.641381
0.620623
0.610498
0.581102
0.535221
0.477009
0.411369
0.343281
0.277191
0.216581
0.277191
0.343281
0.411369
0.477009
0.535221
0.581102
0.610498
0.571622
0.562296
0.535221
0.492963
0.439346
0.378889
0.316177
0.255305
0.199481
0.255305
0.316177
0.378889
0.439346
0.492963
0.535221
0.562296
0.50945
0.501139
0.477009
0.439346
0.391562
0.33768
0.281788
0.227537
0.177785
0.227537
0.281788
0.33768
0.391562
0.439346
0.477009
0.501139
0.439346
0.432179
0.411369
0.378889
0.33768
0.291213
0.243012
0.196227
0.15332
0.196227
0.243012
0.291213
0.33768
0.378889
0.411369
0.432179
0.366627
0.360646
0.343281
0.316177
0.281788
0.243012
0.20279
0.163748
0.127943
0.163748
0.20279
0.243012
0.281788
0.316177
0.343281
0.360646
0.296043
0.291213
0.277191
0.255305
0.227537
0.196227
0.163748
0.132223
0.103311
0.132223
0.163748
0.196227
0.227537
0.255305
0.277191
0.291213
0.231311
0.227537
0.216581
0.199481
0.177785
0.15332
0.127943
0.103311
0.0807216
0.103311
0.127943
0.15332
0.177785
0.199481
0.216581
0.227537
0.296043
0.291213
0.277191
0.255305
0.227537
0.196227
0.163748
0.132223
0.103311
0.132223
0.163748
0.196227
0.227537
0.255305
0.277191
0.291213
0.366627
0.360646
0.343281
0.316177
0.281788
0.243012
0.20279
0.163748
0.127943
0.163748
0.20279
0.243012
0.281788
0.316177
0.343281
0.360646
0.439346
0.432179
0.411369
0.378889
0.33768
0.291213
0.243012
0.196227
0.15332
0.196227
0.243012
0.291213
0.33768
0.378889
0.411369
0.432179
0.50945
0.501139
0.477009
0.439346
0.391562
0.33768
0.281788
0.227537
0.177785
0.227537
0.281788
0.33768
0.391562
0.439346
0.477009
0.501139
0.571622
0.562296
0.535221
0.492963
0.439346
0.378889
0.316177
0.255305
0.199481
0.255305
0.316177
0.378889
0.439346
0.492963
0.535221
0.562296
0.620623
0.610498
0.581102
0.535221
0.477009
0.411369
0.343281
0.277191
0.216581
0.277191
0.343281
0.411369
0.477009
0.535221
0.581102
0.610498
0.652018
0.641381
0.610498
0.562296
0.501139
0.432179
0.360646
0.291213
0.227537
0.291213
0.360646
0.432179
0.501139
0.562296
0.610498
0.641381
0.553122
0.544098
0.5179
0.477009
0.425128
0.366627
0.305944
0.247043
0.193025
0.247043
0.305944
0.366627
0.425128
0.477009
0.5179
0.544098
0.544098
0.535221
0.50945
0.469227
0.418192
0.360646
0.300953
0.243012
0.189876
0.243012
0.300953
0.360646
0.418192
0.469227
0.50945
0.535221
0.5179
0.50945
0.48492
0.446633
0.398056
0.343281
0.286462
0.231311
0.180734
0.231311
0.286462
0.343281
0.398056
0.446633
0.48492
0.50945
0.477009
0.469227
0.446633
0.411369
0.366627
0.316177
0.263844
0.213048
0.166464
0.213048
0.263844
0.316177
0.366627
0.411369
0.446633
0.469227
0.425128
0.418192
0.398056
0.366627
0.326752
0.281788
0.235148
0.189876
0.148359
0.189876
0.235148
0.281788
0.326752
0.366627
0.398056
0.418192
0.366627
0.360646
0.343281
0.316177
0.281788
0.243012
0.20279
0.163748
0.127943
0.163748
0.20279
0.243012
0.281788
0.316177
0.343281
0.360646
0.305944
0.300953
0.286462
0.263844
0.235148
0.20279
0.169225
0.136645
0.106767
0.136645
0.169225
0.20279
0.235148
0.263844
0.286462
0.300953
0.247043
0.243012
0.231311
0.213048
0.189876
0.163748
0.136645
0.110337
0.0862115
0.110337
0.136645
0.163748
0.189876
0.213048
0.231311
0.243012
0.193025
0.189876
0.180734
0.166464
0.148359
0.127943
0.106767
0.0862115
0.0673608
0.0862115
0.106767
0.127943
0.148359
0.166464
0.180734
0.189876
0.247043
0.243012
0.231311
0.213048
0.189876
0.163748
0.136645
0.110337
0.0862115
0.110337
0.136645
0.163748
0.189876
0.213048
0.231311
0.243012
0.305944
0.300953
0.286462
0.263844
0.235148
0.20279
0.169225
0.136645
0.106767
0.136645
0.169225
0.20279
0.235148
0.263844
0.286462
0.300953
0.366627
0.360646
0.343281
0.316177
0.281788
0.243012
0.20279
0.163748
0.127943
0.163748
0.20279
0.243012
0.281788
0.316177
0.343281
0.360646
0.425128
0.418192
0.398056
0.366627
0.326752
0.281788
0.235148
0.189876
0.148359
0.189876
0.235148
0.281788
0.326752
0.366627
0.398056
0.418192
0.477009
0.469227
0.446633
0.411369
0.366627
0.316177
0.263844
0.213048
0.166464
0.213048
0.263844
0.316177
0.366627
0.411369
0.446633
0.469227
0.5179
0.50945
0.48492
0.446633
0.398056
0.343281
0.286462
0.231311
0.180734
0.231311
0.286462
0.343281
0.398056
0.446633
0.48492
0.50945
0.544098
0.535221
0.50945
0.469227
0.418192
0.360646
0.300953
0.243012
0.189876
0.243012
0.300953
0.360646
0.418192
0.469227
0.50945
0.535221
0.446633
0.439346
0.418192
0.385173
0.343281
0.296043
0.247043
0.199481
0.155863
0.199481
0.247043
0.296043
0.343281
0.385173
0.418192
0.439346
0.439346
0.432179
0.411369
0.378889
0.33768
0.291213
0.243012
0.196227
0.15332
0.196227
0.243012
0.291213
0.33768
0.378889
0.411369
0.432179
0.418192
0.411369
0.391562
0.360646
0.321421
0.277191
0.231311
0.186778
0.145938
0.186778
0.231311
0.277191
0.321421
0.360646
0.391562
0.411369
0.385173
0.378889
0.360646
0.332171
0.296043
0.255305
0.213048
0.172031
0.134415
0.172031
0.213048
0.255305
0.296043
0.332171
0.360646
0.378889
0.343281
0.33768
0.321421
0.296043
0.263844
0.227537
0.189876
0.15332
0.119796
0.15332
0.189876
0.227537
0.263844
0.296043
0.321421
0.33768
0.296043
0.291213
0.277191
0.255305
0.227537
0.196227
0.163748
0.132223
0.103311
0.132223
0.163748
0.196227
0.227537
0.255305
0.277191
0.291213
0.247043
0.243012
0.231311
0.213048
0.189876
0.163748
0.136645
0.110337
0.0862115
0.110337
0.136645
0.163748
0.189876
0.213048
0.231311
0.243012
0.199481
0.196227
0.186778
0.172031
0.15332
0.132223
0.110337
0.0890949
0.0696137
0.0890949
0.110337
0.132223
0.15332
0.172031
0.186778
0.196227
0.155863
0.15332
0.145938
0.134415
0.119796
0.103311
0.0862115
0.0696137
0.0543923
0.0696137
0.0862115
0.103311
0.119796
0.134415
0.145938
0.15332
0.199481
0.196227
0.186778
0.172031
0.15332
0.132223
0.110337
0.0890949
0.0696137
0.0890949
0.110337
0.132223
0.15332
0.172031
0.186778
0.196227
0.247043
0.243012
0.231311
0.213048
0.189876
0.163748
0.136645
0.110337
0.0862115
0.110337
0.136645
0.163748
0.189876
0.213048
0.231311
0.243012
0.296043
0.291213
0.277191
0.255305
0.227537
0.196227
0.163748
0.132223
0.103311
0.132223
0.163748
0.196227
0.227537
0.255305
0.277191
0.291213
0.343281
0.33768
0.321421
0.296043
0.263844
0.227537
0.189876
0.15332
0.119796
0.15332
0.189876
0.227537
0.263844
0.296043
0.321421
0.33768
0.385173
0.378889
0.360646
0.332171
0.296043
0.255305
0.213048
0.172031
0.134415
0.172031
0.213048
0.255305
0.296043
0.332171
0.360646
0.378889
0.418192
0.411369
0.391562
0.360646
0.321421
0.277191
0.231311
0.186778
0.145938
0.186778
0.231311
0.277191
0.321421
0.360646
0.391562
0.411369
0.439346
0.432179
0.411369
0.378889
0.33768
0.291213
0.243012
0.196227
0.15332
0.196227
0.243012
0.291213
0.33768
0.378889
0.411369
0.432179
0.348974
0.343281
0.326752
0.300953
0.26822
0.231311
0.193025
0.155863
0.121783
0.155863
0.193025
0.231311
0.26822
0.300953
0.326752
0.343281
0.343281
0.33768
0.321421
0.296043
0.263844
0.227537
0.189876
0.15332
0.119796
0.15332
0.189876
0.227537
0.263844
0.296043
0.321421
0.33768
0.326752
0.321421
0.305944
0.281788
0.25114
0.216581
0.180734
0.145938
0.114028
0.145938
0.180734
0.216581
0.25114
0.281788
0.305944
0.321421
0.300953
0.296043
0.281788
0.25954
0.231311
0.199481
0.166464
0.134415
0.105025
0.134415
0.166464
0.199481
0.231311
0.25954
0.281788
0.296043
0.26822
0.263844
0.25114
0.231311
0.206153
0.177785
0.148359
0.119796
0.0936019
0.119796
0.148359
0.177785
0.206153
0.231311
0.25114
0.263844
0.231311
0.227537
0.216581
0.199481
0.177785
0.15332
0.127943
0.103311
0.0807216
0.103311
0.127943
0.15332
0.177785
0.199481
0.216581
0.227537
0.193025
0.189876
0.180734
0.166464
0.148359
0.127943
0.106767
0.0862115
0.0673608
0.0862115
0.106767
0.127943
0.148359
0.166464
0.180734
0.189876
0.155863
0.15332
0.145938
0.134415
0.119796
0.103311
0.0862115
0.0696137
0.0543923
0.0696137
0.0862115
0.103311
0.119796
0.134415
0.145938
0.15332
0.121783
0.119796
0.114028
0.105025
0.0936019
0.0807216
0.0673608
0.0543923
0.0424991
0.0543923
0.0673608
0.0807216
0.0936019
0.105025
0.114028
0.119796
0.155863
0.15332
0.145938
0.134415
0.119796
0.103311
0.0862115
0.0696137
0.0543923
0.0696137
0.0862115
0.103311
0.119796
0.134415
0.145938
0.15332
0.193025
0.189876
0.180734
0.166464
0.148359
0.127943
0.106767
0.0862115
0.0673608
0.0862115
0.106767
0.127943
0.148359
0.166464
0.180734
0.189876
0.231311
0.227537
0.216581
0.199481
0.177785
0.15332
0.127943
0.103311
0.0807216
0.103311
0.127943
0.15332
0.177785
0.199481
0.216581
0.227537
0.26822
0.263844
0.25114
0.231311
0.206153
0.177785
0.148359
0.119796
0.0936019
0.119796
0.148359
0.177785
0.206153
0.231311
0.25114
0.263844
0.300953
0.296043
0.281788
0.25954
0.231311
0.199481
0.166464
0.134415
0.105025
0.134415
0.166464
0.199481
0.231311
0.25954
0.281788
0.296043
0.326752
0.321421
0.305944
0.281788
0.25114
0.216581
0.180734
0.145938
0.114028
0.145938
0.180734
0.216581
0.25114
0.281788
0.305944
0.321421
0.343281
0.33768
0.321421
0.296043
0.263844
0.227537
0.189876
0.15332
0.119796
0.15332
0.189876
0.227537
0.263844
0.296043
0.321421
0.33768
0.446633
0.439346
0.418192
0.385173
0.343281
0.296043
0.247043
0.199481
0.155863
0.199481
0.247043
0.296043
0.343281
0.385173
0.418192
0.439346
0.439346
0.432179
0.411369
0.378889
0.33768
0.291213
0.243012
0.196227
0.15332
0.196227
0.243012
0.291213
0.33768
0.378889
0.411369
0.432179
0.418192
0.411369
0.391562
0.360646
0.321421
0.277191
0.231311
0.186778
0.145938
0.186778
0.231311
0.277191
0.321421
0.360646
0.391562
0.411369
0.385173
0.378889
0.360646
0.332171
0.296043
0.255305
0.213048
0.172031
0.134415
0.172031
0.213048
0.255305
0.296043
0.332171
0.360646
0.378889
0.343281
0.33768
0.321421
0.296043
0.263844
0.227537
0.189876
0.15332
0.119796
0.15332
0.189876
0.227537
0.263844
0.296043
0.321421
0.33768
0.296043
0.291213
0.277191
0.255305
0.227537
0.196227
0.163748
0.132223
0.103311
0.132223
0.163748
0.196227
0.227537
0.255305
0.277191
0.291213
0.247043
0.243012
0.231311
0.213048
0.189876
0.163748
0.136645
0.110337
0.0862115
0.110337
0.136645
0.163748
0.189876
0.213048
0.231311
0.243012
0.199481
0.196227
0.186778
0.172031
0.15332
0.132223
0.110337
0.0890949
0.0696137
0.0890949
0.110337
0.132223
0.15332
0.172031
0.186778
0.196227
0.155863
0.15332
0.145938
0.134415
0.119796
0.103311
0.0862115
0.0696137
0.0543923
0.0696137
0.0862115
0.103311
0.119796
0.134415
0.145938
0.15332
0.199481
0.196227
0.186778
0.172031
0.15332
0.132223
0.110337
0.0890949
0.0696137
0.0890949
0.110337
0.132223
0.15332
0.172031
0.186778
0.196227
0.247043
0.243012
0.231311
0.213048
0.189876
0.163748
0.136645
0.110337
0.0862115
0.110337
0.136645
0.163748
0.189876
0.213048
0.231311
0.243012
0.296043
0.291213
0.277191
0.255305
0.227537
0.196227
0.163748
0.132223
0.103311
0.132223
0.163748
0.196227
0.227537
0.255305
0.277191
0.291213
0.343281
0.33768
0.321421
0.296043
0.263844
0.227537
0.189876
0.15332
0.119796
0.15332
0.189876
0.227537
0.263844
0.296043
0.321421
0.33768
0.385173
0.378889
0.360646
0.332171
0.296043
0.255305
0.213048
0.172031
0.134415
0.172031
0.213048
0.255305
0.296043
0.332171
0.360646
0.378889
0.418192
0.411369
0.391562
0.360646
0.321421
0.277191
0.231311
0.186778
0.145938
0.186778
0.231311
0.277191
0.321421
0.360646
0.391562
0.411369
0.439346
0.432179
0.411369
0.378889
0.33768
0.291213
0.243012
0.196227
0.15332
0.196227
0.243012
0.291213
0.33768
0.378889
0.411369
0.432179
0.553122
0.544098
0.5179
0.477009
0.425128
0.366627
0.305944
0.247043
0.193025
0.247043
0.305944
0.366627
0.425128
0.477009
0.5179
0.544098
0.544098
0.535221
0.50945
0.469227
0.418192
0.360646
0.300953
0.243012
0.189876
0.243012
0.300953
0.360646
0.418192
0.469227
0.50945
0.535221
0.5179
0.50945
0.48492
0.446633
0.398056
0.343281
0.286462
0.231311
0.180734
0.231311
0.286462
0.343281
0.398056
0.446633
0.48492
0.50945
0.477009
0.469227
0.446633
0.411369
0.366627
0.316177
0.263844
0.213048
0.166464
0.213048
0.263844
0.316177
0.366627
0.411369
0.446633
0.469227
0.425128
0.418192
0.398056
0.366627
0.326752
0.281788
0.235148
0.189876
0.148359
0.189876
0.235148
0.281788
0.326752
0.366627
0.398056
0.418192
0.366627
0.360646
0.343281
0.316177
0.281788
0.243012
0.20279
0.163748
0.127943
0.163748
0.20279
0.243012
0.281788
0.316177
0.343281
0.360646
0.305944
0.300953
0.286462
0.263844
0.235148
0.20279
0.169225
0.136645
0.106767
0.136645
0.169225
0.20279
0.235148
0.263844
0.286462
0.300953
0.247043
0.243012
0.231311
0.213048
0.189876
0.163748
0.136645
0.110337
0.0862115
0.110337
0.136645
0.163748
0.189876
0.213048
0.231311
0.243012
0.193025
0.189876
0.180734
0.166464
0.148359
0.127943
0.106767
0.0862115
0.0673608
0.0862115
0.106767
0.127943
0.148359
0.166464
0.180734
0.189876
0.247043
0.243012
0.231311
0.213048
0.189876
0.163748
0.136645
0.110337
0.0862115
0.110337
0.136645
0.163748
0.189876
0.213048
0.231311
0.243012
0.305944
0.300953
0.286462
0.263844
0.235148
0.20279
0.169225
0.136645
0.106767
0.136645
0.169225
0.20279
0.235148
0.263844
0.286462
0.300953
0.366627
0.360646
0.343281
0.316177
0.281788
0.243012
0.20279
0.163748
0.127943
0.163748
0.20279
0.243012
0.281788
0.316177
0.343281
0.360646
0.425128
0.418192
0.398056
0.366627
0.326752
0.281788
0.235148
0.189876
0.148359
0.189876
0.235148
0.281788
0.326752
0.366627
0.398056
0.418192
0.477009
0.469227
0.446633
0.411369
0.366627
0.316177
0.263844
0.213048
0.166464
0.213048
0.263844
0.316177
0.366627
0.411369
0.446633
0.469227
0.5179
0.50945
0.48492
0.446633
0.398056
0.343281
0.286462
0.231311
0.180734
0.231311
0.286462
0.343281
0.398056
0.446633
0.48492
0.50945
0.544098
0.535221
0.50945
0.469227
0.418192
0.360646
0.300953
0.243012
0.189876
0.243012
0.300953
0.360646
0.418192
0.469227
0.50945
0.535221
0.662832
0.652018
0.620623
0.571622
0.50945
0.439346
0.366627
0.296043
0.231311
0.296043
0.366627
0.439346
0.50945
0.571622
0.620623
0.652018
0.652018
0.641381
0.610498
0.562296
0.501139
0.432179
0.360646
0.291213
0.227537
0.291213
0.360646
0.432179
0.501139
0.562296
0.610498
0.641381
0.620623
0.610498
0.581102
0.535221
0.477009
0.411369
0.343281
0.277191
0.216581
0.277191
0.343281
0.411369
0.477009
0.535221
0.581102
0.610498
0.571622
0.562296
0.535221
0.492963
0.439346
0.378889
0.316177
0.255305
0.199481
0.255305
0.316177
0.378889
0.439346
0.492963
0.535221
0.562296
0.50945
0.501139
0.477009
0.439346
0.391562
0.33768
0.281788
0.227537
0.177785
0.227537
0.281788
0.33768
0.391562
0.439346
0.477009
0.501139
0.439346
0.432179
0.411369
0.378889
0.33768
0.291213
0.243012
0.196227
0.15332
0.196227
0.243012
0.291213
0.33768
0.378889
0.411369
0.432179
0.366627
0.360646
0.343281
0.316177
0.281788
0.243012
0.20279
0.163748
0.127943
0.163748
0.20279
0.243012
0.281788
0.316177
0.343281
0.360646
0.296043
0.291213
0.277191
0.255305
0.227537
0.196227
0.163748
0.132223
0.103311
0.132223
0.163748
0.196227
0.227537
0.255305
0.277191
0.291213
0.231311
0.227537
0.216581
0.199481
0.177785
0.15332
0.127943
0.103311
0.0807216
0.103311
0.127943
0.15332
0.177785
0.199481
0.216581
0.227537
0.296043
0.291213
0.277191
0.255305
0.227537
0.196227
0.163748
0.132223
0.103311
0.132223
0.163748
0.196227
0.227537
0.255305
0.277191
0.291213
0.366627
0.360646
0.343281
0.316177
0.281788
0.243012
0.20279
0.163748
0.127943
0.163748
0.20279
0.243012
0.281788
0.316177
0.343281
0.360646
0.439346
0.432179
0.411369
0.378889
0.33768
0.291213
0.243012
0.196227
0.15332
0.196227
0.243012
0.291213
0.33768
0.378889
0.411369
0.432179
0.50945
0.501139
0.477009
0.439346
0.391562
0.33768
0.281788
0.227537
0.177785
0.227537
0.281788
0.33768
0.391562
0.439346
0.477009
0.501139
0.571622
0.562296
0.535221
0.492963
0.439346
0.378889
0.316177
0.255305
0.199481
0.255305
0.316177
0.378889
0.439346
0.492963
0.535221
0.562296
0.620623
0.610498
0.581102
0.535221
0.477009
0.411369
0.343281
0.277191
0.216581
0.277191
0.343281
0.411369
0.477009
0.535221
0.581102
0.610498
0.652018
0.641381
0.610498
0.562296
0.501139
0.432179
0.360646
0.291213
0.227537
0.291213
0.360646
0.432179
0.501139
0.562296
0.610498
0.641381
0.768596
0.756057
0.719653
0.662832
0.59074
0.50945
0.425128
0.343281
0.26822
0.343281
0.425128
0.50945
0.59074
0.662832
0.719653
0.756057
0.756057
0.743722
0.707912
0.652018
0.581102
0.501139
0.418192
0.33768
0.263844
0.33768
0.418192
0.501139
0.581102
0.652018
0.707912
0.743722
0.719653
0.707912
0.673825
0.620623
0.553122
0.477009
0.398056
0.321421
0.25114
0.321421
0.398056
0.477009
0.553122
0.620623
0.673825
0.707912
0.662832
0.652018
0.620623
0.571622
0.50945
0.439346
0.366627
0.296043
0.231311
0.296043
0.366627
0.439346
0.50945
0.571622
0.620623
0.652018
0.59074
0.581102
0.553122
0.50945
0.454041
0.391562
0.326752
0.263844
0.206153
0.263844
0.326752
0.391562
0.454041
0.50945
0.553122
0.581102
0.50945
0.501139
0.477009
0.439346
0.391562
0.33768
0.281788
0.227537
0.177785
0.227537
0.281788
0.33768
0.391562
0.439346
0.477009
0.501139
0.425128
0.418192
0.398056
0.366627
0.326752
0.281788
0.235148
0.189876
0.148359
0.189876
0.235148
0.281788
0.326752
0.366627
0.398056
0.418192
0.343281
0.33768
0.321421
0.296043
0.263844
0.227537
0.189876
0.15332
0.119796
0.15332
0.189876
0.227537
0.263844
0.296043
0.321421
0.33768
0.26822
0.263844
0.25114
0.231311
0.206153
0.177785
0.148359
0.119796
0.0936019
0.119796
0.148359
0.177785
0.206153
0.231311
0.25114
0.263844
0.343281
0.33768
0.321421
0.296043
0.263844
0.227537
0.189876
0.15332
0.119796
0.15332
0.189876
0.227537
0.263844
0.296043
0.321421
0.33768
0.425128
0.418192
0.398056
0.366627
0.326752
0.281788
0.235148
0.189876
0.148359
0.189876
0.235148
0.281788
0.326752
0.366627
0.398056
0.418192
0.50945
0.501139
0.477009
0.439346
0.391562
0.33768
0.281788
0.227537
0.177785
0.227537
0.281788
0.33768
0.391562
0.439346
0.477009
0.501139
0.59074
0.581102
0.553122
0.50945
0.454041
0.391562
0.326752
0.263844
0.206153
0.263844
0.326752
0.391562
0.454041
0.50945
0.553122
0.581102
0.662832
0.652018
0.620623
0.571622
0.50945
0.439346
0.366627
0.296043
0.231311
0.296043
0.366627
0.439346
0.50945
0.571622
0.620623
0.652018
0.719653
0.707912
0.673825
0.620623
0.553122
0.477009
0.398056
0.321421
0.25114
0.321421
0.398056
0.477009
0.553122
0.620623
0.673825
0.707912
0.756057
0.743722
0.707912
0.652018
0.581102
0.501139
0.418192
0.33768
0.263844
0.33768
0.418192
0.501139
0.581102
0.652018
0.707912
0.743722
0.862393
0.848323
0.807476
0.743722
0.662832
0.571622
0.477009
0.385173
0.300953
0.385173
0.477009
0.571622
0.662832
0.743722
0.807476
0.848323
0.848323
0.834483
0.794303
0.731588
0.652018
0.562296
0.469227
0.378889
0.296043
0.378889
0.469227
0.562296
0.652018
0.731588
0.794303
0.834483
0.807476
0.794303
0.756057
0.696362
0.620623
0.535221
0.446633
0.360646
0.281788
0.360646
0.446633
0.535221
0.620623
0.696362
0.756057
0.794303
0.743722
0.731588
0.696362
0.641381
0.571622
0.492963
0.411369
0.332171
0.25954
0.332171
0.411369
0.492963
0.571622
0.641381
0.696362
0.731588
0.662832
0.652018
0.620623
0.571622
0.50945
0.439346
0.366627
0.296043
0.231311
0.296043
0.366627
0.439346
0.50945
0.571622
0.620623
0.652018
0.571622
0.562296
0.535221
0.492963
0.439346
0.378889
0.316177
0.255305
0.199481
0.255305
0.316177
0.378889
0.439346
0.492963
0.535221
0.562296
0.477009
0.469227
0.446633
0.411369
0.366627
0.316177
0.263844
0.213048
0.166464
0.213048
0.263844
0.316177
0.366627
0.411369
0.446633
0.469227
0.385173
0.378889
0.360646
0.332171
0.296043
0.255305
0.213048
0.172031
0.134415
0.172031
0.213048
0.255305
0.296043
0.332171
0.360646
0.378889
0.300953
0.296043
0.281788
0.25954
0.231311
0.199481
0.166464
0.134415
0.105025
0.134415
0.166464
0.199481
0.231311
0.25954
0.281788
0.296043
0.385173
0.378889
0.360646
0.332171
0.296043
0.255305
0.213048
0.172031
0.134415
0.172031
0.213048
0.255305
0.296043
0.332171
0.360646
0.378889
0.477009
0.469227
0.446633
0.411369
0.366627
0.316177
0.263844
0.213048
0.166464
0.213048
0.263844
0.316177
0.366627
0.411369
0.446633
0.469227
0.571622
0.562296
0.535221
0.492963
0.439346
0.378889
0.316177
0.255305
0.199481
0.255305
0.316177
0.378889
0.439346
0.492963
0.535221
0.562296
0.662832
0.652018
0.620623
0.571622
0.50945
0.439346
0.366627
0.296043
0.231311
0.296043
0.366627
0.439346
0.50945
0.571622
0.620623
0.652018
0.743722
0.731588
0.696362
0.641381
0.571622
0.492963
0.411369
0.332171
0.25954
0.332171
0.411369
0.492963
0.571622
0.641381
0.696362
0.731588
0.807476
0.794303
0.756057
0.696362
0.620623
0.535221
0.446633
0.360646
0.281788
0.360646
0.446633
0.535221
0.620623
0.696362
0.756057
0.794303
0.848323
0.834483
0.794303
0.731588
0.652018
0.562296
0.469227
0.378889
0.296043
0.378889
0.469227
0.562296
0.652018
0.731588
0.794303
0.834483
0.936321
0.921045
0.876696
0.807476
0.719653
0.620623
0.5179
0.418192
0.326752
0.418192
0.5179
0.620623
0.719653
0.807476
0.876696
0.921045
0.921045
0.906018
0.862393
0.794303
0.707912
0.610498
0.50945
0.411369
0.321421
0.411369
0.50945
0.610498
0.707912
0.794303
0.862393
0.906018
0.876696
0.862393
0.820869
0.756057
0.673825
0.581102
0.48492
0.391562
0.305944
0.391562
0.48492
0.581102
0.673825
0.756057
0.820869
0.862393
0.807476
0.794303
0.756057
0.696362
0.620623
0.535221
0.446633
0.360646
0.281788
0.360646
0.446633
0.535221
0.620623
0.696362
0.756057
0.794303
0.719653
0.707912
0.673825
0.620623
0.553122
0.477009
0.398056
0.321421
0.25114
0.321421
0.398056
0.477009
0.553122
0.620623
0.673825
0.707912
0.620623
0.610498
0.581102
0.535221
0.477009
0.411369
0.343281
0.277191
0.216581
0.277191
0.343281
0.411369
0.477009
0.535221
0.581102
0.610498
0.5179
0.50945
0.48492
0.446633
0.398056
0.343281
0.286462
0.231311
0.180734
0.231311
0.286462
0.343281
0.398056
0.446633
0.48492
0.50945
0.418192
0.411369
0.391562
0.360646
0.321421
0.277191
0.231311
0.186778
0.145938
0.186778
0.231311
0.277191
0.321421
0.360646
0.391562
0.411369
0.326752
0.321421
0.305944
0.281788
0.25114
0.216581
0.180734
0.145938
0.114028
0.145938
0.180734
0.216581
0.25114
0.281788
0.305944
0.321421
0.418192
0.411369
0.391562
0.360646
0.321421
0.277191
0.231311
0.186778
0.145938
0.186778
0.231311
0.277191
0.321421
0.360646
0.391562
0.411369
0.5179
0.50945
0.48492
0.446633
0.398056
0.343281
0.286462
0.231311
0.180734
0.231311
0.286462
0.343281
0.398056
0.446633
0.48492
0.50945
0.620623
0.610498
0.581102
0.535221
0.477009
0.411369
0.343281
0.277191
0.216581
0.277191
0.343281
0.411369
0.477009
0.535221
0.581102
0.610498
0.719653
0.707912
0.673825
0.620623
0.553122
0.477009
0.398056
0.321421
0.25114
0.321421
0.398056
0.477009
0.553122
0.620623
0.673825
0.707912
0.807476
0.794303
0.756057
0.696362
0.620623
0.535221
0.446633
0.360646
0.281788
0.360646
0.446633
0.535221
0.620623
0.696362
0.756057
0.794303
0.876696
0.862393
0.820869
0.756057
0.673825
0.581102
0.48492
0.391562
0.305944
0.391562
0.48492
0.581102
0.673825
0.756057
0.820869
0.862393
0.921045
0.906018
0.862393
0.794303
0.707912
0.610498
0.50945
0.411369
0.321421
0.411369
0.50945
0.610498
0.707912
0.794303
0.862393
0.906018
0.983685
0.967637
0.921045
0.848323
0.756057
0.652018
0.544098
0.439346
0.343281
0.439346
0.544098
0.652018
0.756057
0.848323
0.921045
0.967637
0.967637
0.95185
0.906018
0.834483
0.743722
0.641381
0.535221
0.432179
0.33768
0.432179
0.535221
0.641381
0.743722
0.834483
0.906018
0.95185
0.921045
0.906018
0.862393
0.794303
0.707912
0.610498
0.50945
0.411369
0.321421
0.411369
0.50945
0.610498
0.707912
0.794303
0.862393
0.906018
0.848323
0.834483
0.794303
0.731588
0.652018
0.562296
0.469227
0.378889
0.296043
0.378889
0.469227
0.562296
0.652018
0.731588
0.794303
0.834483
0.756057
0.743722
0.707912
0.652018
0.581102
0.501139
0.418192
0.33768
0.263844
0.33768
0.418192
0.501139
0.581102
0.652018
0.707912
0.743722
0.652018
0.641381
0.610498
0.562296
0.501139
0.432179
0.360646
0.291213
0.227537
0.291213
0.360646
0.432179
0.501139
0.562296
0.610498
0.641381
0.544098
0.535221
0.50945
0.469227
0.418192
0.360646
0.300953
0.243012
0.189876
0.243012
0.300953
0.360646
0.418192
0.469227
0.50945
0.535221
0.439346
0.432179
0.411369
0.378889
0.33768
0.291213
0.243012
0.196227
0.15332
0.196227
0.243012
0.291213
0.33768
0.378889
0.411369
0.432179
0.343281
0.33768
0.321421
0.296043
0.263844
0.227537
0.189876
0.15332
0.119796
0.15332
0.189876
0.227537
0.263844
0.296043
0.321421
0.33768
0.439346
0.432179
0.411369
0.378889
0.33768
0.291213
0.243012
0.196227
0.15332
0.196227
0.243012
0.291213
0.33768
0.378889
0.411369
0.432179
0.544098
0.535221
0.50945
0.469227
0.418192
0.360646
0.300953
0.243012
0.189876
0.243012
0.300953
0.360646
0.418192
0.469227
0.50945
0.535221
0.652018
0.641381
0.610498
0.562296
0.501139
0.432179
0.360646
0.291213
0.227537
0.291213
0.360646
0.432179
0.501139
0.562296
0.610498
0.641381
0.756057
0.743722
0.707912
0.652018
0.581102
0.501139
0.418192
0.33768
0.263844
0.33768
0.418192
0.501139
0.581102
0.652018
0.707912
0.743722
0.848323
0.834483
0.794303
0.731588
0.652018
0.562296
0.469227
0.378889
0.296043
0.378889
0.469227
0.562296
0.652018
0.731588
0.794303
0.834483
0.921045
0.906018
0.862393
0.794303
0.707912
0.610498
0.50945
0.411369
0.321421
0.411369
0.50945
0.610498
0.707912
0.794303
0.862393
0.906018
0.967637
0.95185
0.906018
0.834483
0.743722
0.641381
0.535221
0.432179
0.33768
0.432179
0.535221
0.641381
0.743722
0.834483
0.906018
0.95185
